7110
9335
7996
152
1004
4392
1625
9178
1922
6445
3364
3726
1251
1163
991
8635
6160
4531
8147
5738
8817
8396
7914
981
8394
9355
9526
4669
4441
9297
3653
6872
2507
9296
6252
7493
6430
539
1136
3373
5425
5050
9571
8632
1672
5703
5756
2441
3580
7384
7343
2456
8255
9385
8604
7049
3245
2005
6244
5406
7262
2673
6133
4342
2344
101
182
3184
4209
3272
9390
976
2113
2695
3407
6173
3510
5745
1424
3204
5378
514
5513
925
8303
1578
791
9928
1731
361
7615
7155
286
7002
2271
1851
48
1993
7440
2764
2056
4258
4984
2232
2791
1080
1916
9312
3202
5630
8994
1409
4854
6309
5460
3389
4470
1747
9681
6917
96
6444
8157
6193
2879
9712
3833
2972
5705
2001
5213
9214
8056
8239
3426
7687
2053
2177
1308
9717
4240
7778
3444
1395
124
2070
3284
974
936
6040
3052
7428
6569
5345
5074
763
8018
2951
5141
8444
9750
7200
6194
8826
2692
2049
351
9667
5536
2583
9429
8738
6435
9473
6172
1005
2937
3352
9790
6002
3928
6013
1645
7929
704
4781
4832
4246
7870
6019
6632
7871
602
8250
5474
8884
3617
8717
8309
7839
3037
2590
4730
4633
543
1055
8076
8965
703
2960
1285
4894
2394
773
1192
6233
3034
4483
941
5494
1156
3896
2934
8041
75
5588
8817
5071
6738
1159
4902
5039
6622
7080
6416
1534
4665
5584
8776
3311
9795
4449
525
9253
4963
7750
7792
5190
6156
472
2732
1807
7691
5321
2323
766
5548
2113
6323
6096
5452
131
7207
7063
4616
9260
7450
3591
8837
855
1894
1197
7465
4927
4219
4012
1495
8626
6699
8566
4360
9166
6289
5300
1188
6028
2338
1810
3441
6902
5580
3578
7138
3541
9436
1771
5984
2683
5084
6373
4102
5594
104
5300
4214
8719
9857
7287
5385
4847
9851
5372
2820
2732
3681
5562
8294
4227
7977
1098
8637
9878
6689
5506
7801
6369
2280
6879
2472
7883
7898
8063
7073
4347
4499
521
4780
3028
8165
4585
2350
4639
3301
844
1666
2499
9615
5828
4003
436
5786
6024
1558
6565
4885
9420
3028
6539
97
6936
3862
6351
4009
5063
729
4799
8187
1055
9457
947
3931
4728
3609
8663
2445
2362
6104
6202
9359
727
7071
369
7017
7682
2943
6632
5981
107
5336
454
1529
4393
9084
1004
3083
9282
5299
5547
5140
4122
8743
9983
693
2949
959
827
7014
3770
8584
5298
310
4023
8991
5823
332
1131
876
2386
1164
804
2297
840
5269
1878
9632
6709
343
2548
9026
8993
6930
7582
1843
636
3817
7351
9891
9615
8597
7345
3368
2337
7527
6983
5655
4162
1669
4119
9169
2952
2854
3243
234
5187
9256
5603
5189
8111
9902
928
6187
4838
1064
7983
4858
3327
8234
9008
8250
2695
3326
642
3275
9354
3990
6748
10
2958
2857
4315
9746
6637
9919
9443
463
6509
8664
100
6958
9533
3750
3355
9713
318
859
6961
9294
9019
8348
7316
2935
1095
7909
2624
4100
7250
2807
8970
9036
8775
1852
9577
1923
1557
3003
6129
1101
3752
4615
5037
9569
4756
882
153
3641
5757
2319
2665
7445
3477
7076
2393
2143
2195
2718
4801
4057
1612
623
2213
4546
2865
1714
2151
1096
8229
2863
2521
8712
9113
3450
531
6209
4278
2198
4237
9350
7687
8087
1290
9026
2640
8805
3905
8357
2286
3756
6232
5469
3165
8385
9456
9248
1952
9455
1432
9733
8528
9758
3582
5523
6772
3077
6425
1393
4474
9079
7500
9741
6335
2873
8231
7384
2577
6211
8592
1470
2414
4261
2474
1363
1960
8849
9471
2857
1335
4566
7823
3311
267
3965
6645
1891
3117
2700
8178
2375
3153
8663
7977
4497
4459
535
294
1565
6778
2627
4220
5358
2965
2474
4873
6209
2545
8611
5304
898
5916
2700
9763
4904
1785
8286
7010
9867
2040
6802
6852
5478
7969
1997
5161
8823
3117
6294
91
6996
9922
4744
3287
5399
6009
6482
3803
8842
1933
6876
2621
4366
3410
2805
69
2837
2159
9927
2584
7424
8889
7100
5571
9314
2174
5098
9616
2195
7979
1417
3512
5680
2618
2630
7509
1472
972
7792
4002
7650
7727
8879
6114
9378
7372
4004
6282
3466
7775
8828
6428
8245
4212
8750
7377
7391
2267
7492
1554
5304
4327
7750
6562
1367
8984
4673
2188
9051
8067
1975
8452
7133
8923
5920
2125
1329
9711
2159
2215
539
3584
2655
1042
4191
6028
3580
3347
8545
300
958
1138
9594
8134
9999
4318
1516
2496
6190
4045
9309
8706
4540
708
239
2406
7348
7424
9984
3823
760
7950
6989
7187
966
5277
5905
1895
9465
8190
7707
4422
332
5861
526
300
9753
1135
9651
6421
3776
2607
2985
9069
3731
8471
2204
5764
3742
1647
2594
3696
3396
245
6130
1135
5204
1922
5152
4087
8490
6357
5315
428
8050
2350
1672
3310
8200
5689
47
9835
5339
9508
9475
664
6800
207
984
7560
8402
4815
3484
4454
5015
7727
5167
1701
8685
2501
6367
4578
307
9164
7180
9794
8981
786
7819
3885
8688
8208
3622
5511
3859
4177
7936
6871
1446
8417
9191
5814
5444
388
3554
3461
5700
17
2697
4107
5126
985
7107
6778
4408
7831
6522
8589
888
917
9980
2528
3524
3352
4395
7980
2365
154
7252
5406
4250
3250
1805
4754
793
8946
8822
1921
544
9069
5810
580
4578
1891
2176
4244
1117
5898
3761
288
7760
6218
7518
5402
7785
7173
802
9695
7228
3186
7890
544
8864
53
5262
8961
5188
1740
1727
1630
6495
6200
256
2965
5893
6470
9609
7220
5141
9
7654
4880
1599
2358
9478
2287
195
7020
5695
9250
789
3614
1935
9379
9436
1742
5150
1191
5625
7831
6863
3167
7189
3095
197
1009
7668
1399
1026
8718
677
329
7707
1744
731
6509
8439
9458
6422
6336
5782
540
2298
1473
286
7833
8258
641
689
1239
3277
8263
6779
7226
4758
1325
6567
9661
7473
1098
9376
4918
4353
141
2533
8133
9271
1907
870
6057
4854
9829
699
2895
5489
5889
8980
8951
9589
2434
523
1189
8083
4639
2214
1281
3269
6670
7592
5692
386
4307
5639
3216
4445
2249
9480
3058
1224
9611
2838
7142
3974
1519
578
399
6349
8943
7268
4466
1354
9462
3536
5349
1583
3108
8740
1034
3608
7486
4398
7922
523
6053
90
1888
5101
6577
4792
5963
4929
921
204
8350
7627
6930
4063
6784
6451
8434
3875
2412
2069
2607
980
2108
69
6265
1498
1783
7280
2337
2427
2180
6334
7653
9005
105
6836
9849
5865
8101
4838
2531
651
1014
4585
5458
486
8551
262
9692
5013
8842
234
1587
796
3054
5162
4116
8092
3757
1796
6268
7813
8101
6081
214
6742
7809
279
9301
7680
1267
9051
5035
4792
8752
6947
9460
4123
2728
9770
9810
7869
2880
4364
2885
9722
8606
929
3894
3357
1712
7543
7281
9695
4186
5431
5229
1494
4986
5242
2122
4159
7609
4309
8645
9927
65
6495
938
4499
1093
3091
1879
8559
3170
2785
7977
307
1984
7614
9766
8514
1444
828
8630
1132
1174
6053
5966
9140
8921
6689
8794
1819
2204
7431
2391
2875
1453
4335
6714
2416
5397
5926
1760
5552
3075
4059
8259
1116
3081
1910
9750
5838
6797
8424
7790
8546
5437
5390
541
2513
4627
5087
7707
3753
6576
3525
1331
1000
2887
1336
247
8391
793
4981
3793
1204
4569
4478
5672
2775
4444
4652
7803
4198
8175
9215
3005
9876
2580
2022
3901
3492
410
8249
6496
4139
1463
1459
8205
4067
1109
910
6533
9516
9463
9911
7278
5118
1815
7952
1914
3577
7165
7892
6776
7277
605
6405
5575
4917
4574
3153
7026
1198
7571
259
3581
3094
8776
4214
9451
6992
2570
7988
953
6020
562
6269
5546
9266
8848
3891
6063
9159
6993
4802
3011
9016
605
9533
7952
1547
8991
2147
5858
4086
6178
8241
6438
4751
9012
1217
6591
5314
3257
4944
5653
849
351
5917
5801
5877
7898
3853
778
1603
9531
3547
2621
8218
6241
6236
1229
3305
9068
5489
8383
9902
8490
807
1136
3912
1521
9896
7405
7918
9928
52
4479
6120
7842
5866
4257
7899
2615
8063
9615
5459
9184
4802
4013
9304
3295
38
193
5571
1273
8974
2398
4938
2241
9752
4830
5815
4003
7584
5178
3287
9289
7493
3673
3534
9549
5512
6628
3175
5724
576
6578
5881
3667
1483
7493
6006
2729
719
6015
2157
1001
5903
5074
7647
3322
9785
5875
1886
4716
748
554
4898
3873
9766
4649
3541
838
5836
2983
6734
6989
2547
8663
7339
1321
6715
1114
2967
612
4363
973
5083
8480
3687
4016
7761
6440
7038
7029
5779
7587
5392
9585
5682
8693
1773
7122
1187
3537
6984
2413
4899
2766
4267
4163
3499
4805
1172
1855
2991
9476
445
2687
3825
99
6106
7420
7203
9905
9131
6135
9049
8249
1264
7090
1500
7287
2716
6201
1514
1088
7011
1371
3867
595
7773
4905
6735
8667
4204
5737
4083
6590
5898
7687
7747
6293
8444
9497
2729
6359
4147
1789
3587
5700
8177
802
35
4908
6024
656
7184
4570
1694
6165
2809
7952
4813
9788
9882
3168
3383
5980
6599
8131
8102
2618
9893
9450
1105
284
4952
7776
4683
9196
1687
296
2358
3525
8828
4743
1685
6093
2007
5168
6335
3710
626
7929
799
370
5599
1975
1479
91
8430
410
9317
4765
1131
9191
4222
2601
4628
8158
8103
54
3928
8295
3155
9726
3194
6686
4711
9298
1285
488
8761
5627
3577
6369
3990
9502
7172
836
1874
8651
3005
630
4634
5747
7545
2255
3446
7043
8848
2390
9291
8177
5513
56
6253
146
3282
1972
9665
1141
1580
3542
6064
4112
83
1342
1735
2149
5148
6220
7739
3968
2615
3627
3131
2656
7235
711
5918
3183
9089
6316
3003
8192
8672
4764
631
9892
7367
4829
504
6057
6482
8269
4312
6688
1940
6770
5462
1017
1643
2354
6007
8541
2672
2876
4426
1416
7661
1122
9176
689
2810
9444
5194
5383
7152
585
2293
3737
2526
2700
7296
8322
4506
5985
1174
8144
3647
1235
967
9776
612
3771
649
695
478
1935
5740
7711
2396
148
9306
3820
3263
642
3133
6858
301
5939
7019
2069
6955
9014
3661
9509
2983
8359
7869
8644
7208
8099
4749
2972
253
5178
4261
8258
3970
6502
6932
3657
7474
6642
264
1381
150
5513
712
9261
9371
2541
9070
4044
2369
6288
5810
7060
6799
4962
5794
1727
452
4455
9166
3539
8665
1428
7199
2113
7699
1510
3464
3931
5396
9232
6084
6400
3889
6895
7135
6053
8813
2283
673
7873
7236
2716
4885
6069
7701
5462
7063
3078
2711
4227
4700
5112
6236
2108
5020
4025
5122
7891
6394
2104
4134
3104
6036
6672
7092
5958
3509
4036
3449
6002
4760
6425
3609
5455
1832
5818
3869
8280
6082
3644
372
2667
924
5584
2106
7174
4415
3646
22
8962
2063
8324
3789
1464
9947
6922
9780
2916
5648
4864
9682
3125
376
775
324
5501
2879
2105
1003
6587
4087
7
608
4195
8225
1949
6535
9911
8268
6963
9649
3653
4346
5443
2843
3356
3773
7233
724
1035
4642
380
2588
4280
9315
6496
9800
6682
4848
9862
6370
3476
7544
2617
6990
4335
4705
852
2759
8098
4743
8397
6039
3136
2001
4473
3829
6159
8047
2155
4425
2016
3647
2940
8939
9376
2048
3304
9322
2474
8221
6147
4376
5414
3051
5878
3970
9586
3710
3946
7454
9932
1845
9056
8253
7817
342
3210
2240
3637
5620
8905
2454
9272
7165
5925
2451
7568
7440
9202
4157
2465
2892
7909
9680
8518
7027
4339
3378
5858
189
7314
8928
7208
473
8511
3591
9603
5438
7835
382
1363
8768
4370
3952
4453
3566
2873
3896
8237
2713
6228
2454
1106
5311
7409
2654
8519
2852
7892
3423
1186
9570
2064
2977
426
375
31
7976
4546
9805
2958
709
1212
2760
248
6971
8108
3896
3165
6399
9386
7197
7039
9144
6243
5482
7945
1574
3549
1859
4973
3248
8085
5456
616
9173
1287
8116
2979
8020
7929
3319
5721
3271
6069
1486
2528
5194
8176
7565
9030
2762
2332
2675
5818
8104
7094
3603
6179
6204
2509
9059
177
4694
8176
6077
2526
4000
6162
1587
2321
4960
798
7519
7391
2650
9136
8744
8174
9282
5447
7841
3687
2446
7590
2108
4599
6025
1073
7484
2178
7172
714
9080
5413
7608
9272
1563
2359
7943
7776
184
8938
3104
3395
4186
4420
1712
6852
4282
9781
3590
5780
4362
3524
5295
3404
6718
2970
5360
4774
5034
523
7682
4777
9542
9932
7080
8383
9855
9669
7660
2580
2471
6117
5431
1805
8252
1596
7551
9363
4550
5562
5498
5771
7194
2353
7489
2643
2396
8617
1809
1786
3873
80
2906
7596
8290
6603
5034
4362
7084
2110
8468
2562
9509
2244
7482
7040
9449
60
8842
9073
8226
6480
371
7887
3334
6867
9785
5166
8106
2294
6286
4801
1541
4838
6993
1514
9951
4486
2819
3885
4824
2405
2851
9103
6485
3452
5692
7328
181
9302
788
7570
7377
5068
5349
3509
7586
4300
4329
4913
4445
7989
2382
7247
9065
5170
1529
8053
9873
9281
5558
4236
9925
1150
5630
2335
6491
6945
2001
5553
3075
8496
675
2635
6104
9506
7827
6514
7634
6706
1878
7873
5256
3996
7347
7336
2546
2039
1623
4881
221
6559
6440
5786
9464
7133
8679
4180
7068
2374
2223
2599
1928
6397
874
8912
4826
3973
194
40
6201
1896
7717
5714
2927
109
4929
816
8916
5289
1551
4770
7910
2869
4653
4109
37
4423
4323
8788
9834
384
8791
9494
3272
8817
9756
9603
2043
5211
8181
284
4700
4770
8792
2998
4854
3852
2685
7899
9715
2988
5318
4605
8352
438
9608
5304
400
8734
1799
8531
7484
4610
8096
50
3223
896
4783
8315
2687
7109
4657
8882
4911
724
2260
7364
194
1887
7483
2540
8227
2148
9486
8150
6576
2583
7054
9198
8460
6104
1445
4564
83
1793
5020
7710
3064
1535
3238
7193
9354
1514
682
5966
7558
6610
9022
9629
2118
3272
5486
6841
855
7798
4700
4272
2264
828
2290
5764
9726
1656
2099
7547
3461
8865
5711
3840
3760
2752
8917
8995
6481
2588
114
1812
2565
6608
296
519
6711
6971
3035
6852
3748
7076
7461
3519
1230
4616
2568
9407
1050
7970
5139
9277
3125
4629
8382
4682
6499
4729
2816
9917
9287
912
1488
1864
3503
7539
264
3670
8439
2030
1189
6211
8254
3444
3419
8391
9046
7200
2134
5521
6772
6378
6459
1773
2151
3010
9628
5297
277
3885
715
7290
1073
8441
3558
4941
8185
7070
5264
4300
3084
3058
3745
8472
3385
6857
931
5485
9346
2360
2669
6815
3807
3140
1309
3631
1903
5228
8910
9466
8346
4064
5578
1694
4338
4268
696
7529
7223
5141
3654
3360
9001
4622
4450
9160
7112
5943
8834
5925
6872
2707
3812
6365
6305
8677
5311
184
2946
5559
3832
1031
8053
2518
4145
2045
2142
4637
